planta	dano	crec	flor.dias	frutos
257	0.08681523	0.90675387	73	4
275	NA	0.690696	46	0
277	0.09653532	1.17284482	45	6
287	0.06891075	0.85579431	70	0
293	0.12751092	1.29409808	63	2
295	0.18158593	1.07110726	64	0
297	0.16107107	0.71065198	52	0
299	0.08419039	1.29342109	55	3
301	NA	0.88751122	77	0
303	0.19836792	1.05553462	64	2
305	0.09774354	1.37034662	55	7
307	0.14724828	1.06348967	61	1
311	0.13395544	1.22314717	55	6
315	NA	1.11828419	68	0
319	NA	0.93326206	83	0
331	0.1122034	0.93583194	55	0
333	0.10134538	0.97883861	68	0
343	0.06575511	0.83609363	70	0
345	0.13778525	1.13745203	59	0
347	0.10567253	1.32168262	55	6
351	0.10981682	0.94074244	68	0
361	0.11515478	0.92133605	51	3
365	0.09333408	0.83236366	73	0
373	0.0969385	0.89730439	55	0
375	NA	0.97883861	48	3
377	0.07046158	1.09755906	56	1
381	0.18227862	1.21650551	45	9
385	0.08475653	1.10390903	64	1
397	0.15449222	1.26869882	53	1
403	0.21107477	0.99745084	73	0
405	0.16096567	1.13185355	70	0
417	0.23864785	1.18464358	45	1
423	0.0803422	0.94074244	64	3
425	0.10431554	0.97235703	55	0
427	0.10191232	1.20841273	59	4
431	0.05577553	0.87632514	64	0
433	0.10840254	0.92471269	59	0
435	0.16085274	1.13745203	59	0
439	0.08638115	1.21142482	59	2
441	0.13558098	1.06913016	61	1
443	0.11321264	1.16757103	49	1
445	0.18098976	1.17284482	64	0
449	NA	0.96497897	73	0
459	0.20127716	0.96207384	42	0
461	0.16056997	1.02506762	64	0
467	0.15226847	0.93583194	63	0
469	0.11826513	0.95739304	73	0
473	0.10483011	0.98653307	58	0
485	0.11383274	1.12368063	59	0
487	0.16804368	1.12779809	59	0
491	NA	0.93326206	61	0
495	0.15349478	1.10390903	59	0
497	0.22950527	0.8247988	48	0
501	0.10798057	0.92471269	64	1
503	0.14501673	1.2956211	51	4
505	0.16065472	1.17284482	68	0
507	0.07974158	1.02689761	70	0
771	0.06643672	0.65510648	56	0
775	0.08720179	0.82374293	48	3
781	0.11199459	0.57009283	66	0
785	0.17373855	0.82759337	58	3
787	0.09531814	0.94198934	51	6
789	0.03316181	0.65076138	82	0
791	0.1767508	0.83609363	61	0
793	NA	0.62818466	42	0
795	0.12593183	0.81190619	52	2
797	NA	0.49592057	70	0
799	0.07984482	0.66033078	44	1
801	0.14824659	0.78735463	67	1
803	0.20387597	1.17337215	48	8
805	0.08721452	0.92999158	51	0
807	0.15802179	1.43248144	62	1
809	0.14063273	0.90583663	54	1
811	0.04087943	0.8247988	58	0
815	NA	0.53555246	57	0
819	0.26825455	1.07317833	51	2
821	0.17282254	0.80536729	56	0
823	0.11461259	0.97275041	48	4
825	NA	0.60070222	64	0
827	0.1705082	0.67594117	62	0
831	0.1461084	0.43339348	51	0
833	0.194578	0.62004589	55	0
841	0.16991237	0.57009283	52	0
843	0.10559295	0.75310392	62	1
845	0.24870387	0.82759337	48	3
847	0.09356126	0.62559585	76	0
849	0.14042358	0.71649037	57	0
853	0.11585809	0.96953084	42	8
855	0.17336811	0.92133605	52	1
859	0.07255973	0.60943741	62	0
861	0.08006666	1.43194649	54	2
863	0.19813076	0.88136339	51	1
865	NA	0.59167414	46	0
867	NA	0.73615226	52	2
869	NA	0.6969783	76	0
871	0.11051829	0.67594117	66	0
873	0.20249756	0.81483707	39	1
875	0.08723508	0.55661729	62	1
877	0.46953748	0.97386834	48	6
881	0.16052412	0.91035627	62	2
887	0.14111118	0.84886803	56	3
889	0.23747731	0.73294321	67	0
891	0.27183191	0.87331753	62	3
893	0.44085826	0.90583663	67	0
895	0.07952872	0.94324225	41	2
899	0.09756068	0.57986073	55	0
907	0.20705284	0.9937146	57	3
909	0.09354759	0.73468364	46	2
911	0.25725564	0.85468559	52	1
913	0.12176289	0.74002848	70	0
917	NA	0.52399957	76	0
919	0.26721908	0.70311738	67	1
921	0.11830418	0.89356344	56	1
923	0.3118829	0.78410693	67	1
925	0.17748631	0.75009175	54	1
927	0.34083554	1.00683562	51	13
929	0.09340561	0.74002848	62	0
931	0.21142433	0.75172513	82	0
933	0.10691595	0.75172513	48	0
935	0.2700117	0.94324225	44	7
937	NA	0.91936606	54	1
939	0.21069475	1.05835209	48	4
941	0.09697036	0.96424033	52	3
945	NA	0.66691987	61	2
947	0.13529305	0.71649037	56	0
951	NA	0.63036286	67	0
953	NA	0.99745084	62	6
955	0.20160267	0.87632514	57	0
957	0.2884421	0.98100997	58	4
959	0.20466494	0.82374293	67	0
961	0.2513411	1.43102952	62	2
963	0.19991989	0.86014118	67	0
965	0.38178864	0.84886803	51	2
973	0.21798834	0.93500874	54	10
977	0.15146052	0.60943741	67	0
981	NA	0.98229187	51	4
983	0.15413097	0.85812071	54	1
989	0.14653541	0.61737725	41	0
991	0.12343551	0.87949657	52	0
995	0.35029919	0.9086806	62	3
997	NA	0.57986073	62	0
999	0.42084849	0.95123146	54	2
1003	0.24602707	0.87652437	61	0
1007	0.1797199	0.60943741	67	0
1009	0.24467398	0.90103456	62	0
1011	0.3785622	0.78735463	70	0
1013	0.16749803	1.0475622	62	0
1015	0.30999464	0.90725566	48	5
1017	0.17383243	0.91035627	48	4
1019	0.07260436	0.74002848	46	1
1021	0.09456843	0.59328768	48	1
1023	NA	0.65312021	55	0
1283	0.22780722	1.21560206	59	3
1287	0.07762529	0.79288591	61	0
1289	0.13454438	0.90958821	68	3
1293	0.07601336	1.03098616	64	0
1297	0.08624996	0.9520066	63	0
1299	0.07034166	1.11269455	59	0
1301	0.14275951	1.06348967	59	1
1305	0.11229229	0.93243094	45	4
1311	0.08033551	0.84790261	55	5
1327	NA	1.07910473	67	0
1329	0.14202458	1.15018273	59	3
1331	0.1063245	1.06862867	56	3
1335	0.11887445	1.21142482	59	1
1343	NA	0.76775204	73	0
1345	0.1223009	1.22714778	61	0
1347	0.25256416	1.32758427	55	10
1351	0.19067832	0.90675387	46	0
1353	0.05826271	1.00200786	61	1
1355	0.15929734	1.15865036	45	2
1357	0.21597866	1.16481853	49	6
1359	0.10902972	1.00585605	52	4
1361	0.11971047	1.28147959	63	2
1365	0.12427438	1.07367143	61	1
1367	0.08822405	1.06913016	64	0
1377	0.13764062	1.25733714	51	4
1379	0.1795663	1.21560206	56	0
1381	0.07699455	1.18436649	56	0
1383	0.09293529	1.12779809	61	0
1391	0.04703342	1.14749086	55	11
1395	0.18286782	1.03852978	53	1
1399	0.17648113	1.06558519	58	0
1409	0.16069742	0.92471269	70	0
1413	0.26035877	1.34677617	51	1
1415	0.15507039	1.03621182	60	0
1417	0.12183762	1.20566849	58	8
1425	0.27665595	1.26967883	59	10
1439	0.16387708	1.20841273	63	5
1449	0.26158662	1.26133476	48	8
1455	0.13641742	0.96424033	51	3
1461	NA	0.7629348	60	0
1477	0.15208333	1.01474021	82	0
1487	0.12876881	1.11401748	58	4
1489	0.10722337	1.41939257	41	9
1491	0.10380169	1.39172921	45	14
1495	0.09200442	1.07068473	67	2
1497	0.12394469	1.28762784	55	5
1501	0.07501148	1.00844928	51	0
1503	0.12895289	0.96497897	60	0
1505	0.12600324	1.30424568	56	10
1507	0.1886721	0.97458107	45	2
1511	0.08321104	1.00648905	64	0
1513	0.20251454	1.35863874	51	8
1519	0.1529179	1.12779809	59	2
1529	0.15194729	1.20963809	54	0
1533	0.15185605	0.93837754	48	0
1535	0.09112558	1.09940639	55	0
1795	0.12299795	0.81079843	56	0
1797	0.15022532	0.98229187	38	7
1801	0.31257422	0.87632514	54	3
1805	NA	0.82759337	61	0
1811	0.12666545	0.62149851	45	1
1813	0.1578569	0.91239303	54	3
1815	NA	0.61737725	76	0
1819	0.20239493	0.81483707	48	2
1821	NA	0.73294321	48	4
1827	0.23274362	0.88363071	62	0
1831	0.0802743	1.43194649	64	0
1833	0.09463845	1.0491411	48	6
1835	0.20625696	0.87007204	62	0
1837	0.18084703	0.95266286	58	0
1839	0.22304894	0.69181409	41	1
1841	0.29572073	0.84496628	58	2
1843	0.188374	0.87331753	58	0
1845	0.12320895	0.79148467	51	1
1847	0.09318921	0.89137856	48	1
1849	0.09953906	0.96788467	54	3
1851	0.09393681	1.15790609	48	14
1853	NA	0.72923055	76	1
1855	NA	0.55661729	48	1
1857	0.31918057	1.11159992	48	3
1859	0.30133836	0.92999158	67	1
1861	0.16727442	0.92808412	51	2
1863	0.18354709	0.87096129	44	1
1867	NA	0.7274544	54	1
1869	0.07662391	0.92999158	52	1
1871	0.07570978	0.77684725	56	0
1873	0.12438221	0.54663003	52	0
1875	0.16878917	1.43248144	61	1
1879	NA	0.60070222	56	0
1881	NA	0.78735463	58	0
1883	NA	0.65312021	46	1
1885	NA	0.690696	62	0
1889	0.22578195	0.82374293	61	2
1891	0.2049395	0.8014463	42	2
1893	0.23156383	0.91936606	45	1
1895	0.34924039	0.63036286	61	0
1897	0.04852159	1.01412634	62	3
1899	0.12075607	0.91035627	51	2
1901	0.07693825	1.43082517	48	5
1903	0.25786088	1.00136423	62	4
1905	0.20345141	1.43194649	67	0
1907	0.12221498	0.71649037	51	0
1909	0.14139081	0.86572267	51	2
1911	0.15005394	0.91936606	62	0
1913	0.34587365	0.80536729	67	0
1915	0.2399379	1.01316392	48	1
1917	0.3130396	1.03130261	48	4
1919	0.26825633	0.88652591	61	0
1921	0.23789263	0.97738551	48	4
1923	0.17011802	0.82374293	76	0
1925	0.34103449	0.78410693	51	0
1927	0.24869299	1.13592484	54	3
1929	0.04121784	0.52399957	60	0
1931	NA	0.53555246	55	0
1937	0.20388989	1.00400087	51	6
1939	0.13478475	0.39320832	54	0
1941	0.17218543	1.43194649	56	0
1943	0.18163847	0.96538326	56	2
1947	0.09106726	0.85468559	54	1
1951	NA	0.8014463	54	2
1957	0.22826087	0.75172513	56	0
1959	0.13015637	0.97275041	45	3
1961	0.34031999	0.81483707	51	0
1963	0.17266257	0.88652591	62	0
1965	0.2114359	0.78142398	54	1
1969	NA	0.75674524	45	5
1971	NA	0.62004589	57	0
1973	0.09459864	0.52017908	70	0
1979	NA	0.78287843	55	0
1981	NA	0.55661729	51	0
1991	0.21689771	0.81483707	57	0
1995	NA	0.72923055	61	0
1997	0.17333852	0.88363071	61	1
1999	0.26148668	0.92133605	42	2
2001	0.30683584	0.93371684	41	8
2003	0.31563026	0.87790804	41	6
2007	0.14139582	0.54663003	62	3
2009	0.33273309	0.91636804	48	0
2011	0.14799647	1.14373968	67	1
2013	0.47485337	0.80948758	51	3
2017	0.10581372	0.91035627	57	1
2019	0.35338368	0.64328632	51	0
2023	0.21391591	0.97992135	44	5
2025	0.24489112	0.96788467	48	1
2027	0.33114367	0.80948758	51	0
2029	0.26825796	0.90314279	62	0
2031	0.31979729	0.84340204	54	5
2033	0.17070552	0.60311342	41	6
2035	0.18117847	0.70874851	51	0
2037	0.17649003	0.68257299	52	3
2039	0.19968778	0.70311738	44	1
2043	0.14396819	1.0475622	62	4
2045	0.19375669	0.89635434	51	4
