seed_number	style_deflex	flower_size	stigma_area	pollen_depos	plant_size
73.0000	-0.3333	44.4700	15.6815	2344.6700	50.0000
219.0000	-1.5200	33.7933	10.0909	1380.6967	175.0000
55.0000	-1.0967	32.6000	13.9513	976.0000	46.0000
33.0000	-1.1921	35.2350	12.1458	350.0400	43.0000
102.0000	-0.5800	38.1900	14.2584	1506.3300	54.0000
106.0000	-0.8733	39.9900	14.3900	3463.0000	68.0000
78.0000	-1.0400	36.7367	13.2450	1907.6667	62.0000
154.0000	-1.7933	34.5067	17.3650	2172.0000	76.0000
125.0000	1.8900	40.2350	20.3730	770.1700	59.0000
93.0000	-1.0300	35.9300	12.4808	1406.3350	92.0000
32.0000	-2.0500	35.5200	11.8504	698.3300	70.0000
100.0000	2.0117	30.4800	15.4278	828.7500	132.0000
0.0000	2.2100	37.3200	16.4412	294.0000	48.5000
93.0000	-3.2250	39.6600	11.0765	1074.2500	50.0000
115.0000	-0.6278	34.0633	12.2810	1454.9433	133.0000
0.0000	0.4100	26.5700	12.0573	485.0000	80.0000
37.0000	0.3033	34.1033	10.3035	359.5567	86.0000
47.0000	0.6267	29.4250	7.0115	1771.3300	53.0000
81.0000	-0.9578	28.0467	12.8192	1158.0000	59.0000
95.0000	-0.3667	39.3850	14.9938	2473.5000	86.0000
8.0000	-0.7733	36.1950	13.3677	670.0000	70.0000
67.0000	-0.6233	38.9300	25.1627	212.0000	42.0000
90.0000	0.1367	31.9700	12.8573	277.3367	107.0000
0.0000	1.3467	32.1133	11.2849	357.7800	91.0000
36.0000	-1.1100	32.7800	9.7559	1405.1650	66.0000
153.0000	-0.2710	32.0660	14.5234	1083.9500	100.0000
151.0000	-1.0833	37.6367	10.6044	2438.6667	113.0000
102.0000	1.0100	39.4400	16.6629	195.6700	48.0000
62.0000	-2.2033	37.8000	7.1512	2543.0000	44.0000
102.0000	-2.5617	38.8600	13.7914	1958.6650	69.0000
55.0000	-0.1233	31.9900	9.2417	166.6700	74.0000
145.0000	-2.1033	30.8800	13.6961	1743.3300	73.0000
80.0000	-0.7300	37.3400	9.9023	2299.0000	105.0000
85.0000	2.0311	26.8800	15.2557	313.3333	100.5000
131.0000	-0.7267	39.9100	18.0258	1756.0000	106.0000
80.0000	-2.2822	35.2267	15.6486	2327.2233	84.0000
73.0000	-1.4533	34.4900	11.0369	2157.0000	38.0000
24.0000	-0.4700	38.3800	18.0047	976.0000	66.0000
55.0000	-0.6711	33.4167	9.8372	686.1133	61.0000
0.0000	4.5417	32.2100	20.3870	637.1650	52.0000
77.0000	-1.0138	38.3600	17.8766	1594.4150	59.5000
100.0000	-1.3467	41.8400	17.1004	2094.3300	46.5000
0.0000	-1.8800	35.7900	15.0904	96.6700	138.5000
147.0000	-2.8483	38.5900	18.1919	662.0000	117.0000
89.0000	-1.5700	38.5000	11.3278	2585.0000	32.0000
53.0000	4.7033	39.2900	16.9149	284.6700	24.0000
37.0000	-0.5867	37.6800	11.7781	373.0000	16.0000
0.0000	-1.6550	37.7450	14.4841	1791.6650	26.0000
0.0000	-1.1133	33.0900	13.6326	1411.0000	23.0000
71.0000	-1.0133	38.8700	17.1595	1437.3300	53.0000
0.0000	-1.9567	38.0600	12.0711	505.5000	80.5000
0.0000	1.2908	33.3150	15.3136	2227.5400	73.0000
0.0000	-1.1033	36.1200	12.7577	3590.0000	30.0000
67.0000	0.5750	40.9400	19.9940	1046.5000	53.0000
0.0000	-1.3067	32.2700	8.9266	523.3300	63.0000
53.0000	-1.7300	35.7800	17.7840	2547.0000	57.0000
76.0000	-5.0767	37.9450	10.3896	1511.0000	115.0000
71.0000	-0.4233	40.6900	14.9031	2405.6700	35.0000
60.0000	-2.0767	39.6600	24.7777	2215.3300	33.0000
51.0000	0.3633	32.5300	12.2358	1391.3300	152.0000
88.0000	-0.6133	38.2900	15.5945	1640.0000	101.0000
121.0000	-0.2067	42.4800	12.9395	790.6700	46.0000
61.0000	-0.5967	32.3900	8.9176	1240.3300	63.0000
74.0000	-0.4017	39.2150	23.2267	1307.5000	41.0000
173.0000	0.2050	32.0550	12.2071	1122.7500	91.0000
77.0000	-1.3233	36.7700	9.2866	947.6700	45.0000
0.0000	-1.8933	30.3700	12.3063	903.0000	69.0000
273.0000	2.2594	34.0200	14.1496	722.6367	150.0000
109.0000	0.2575	35.3500	14.9657	77.7500	75.0000
98.0000	2.9350	33.7150	20.7699	1061.4150	53.0000
0.0000	2.4283	30.0700	10.3234	849.5000	32.0000
59.0000	-2.6767	37.6900	10.2753	1680.6700	46.0000
29.0000	-1.4633	35.7900	14.7793	2167.3300	42.0000
199.0000	-1.0158	34.9350	12.6873	1135.6650	62.0000
60.0000	1.0633	34.9100	13.0180	411.0000	4.0000
0.0000	2.6033	34.6250	11.6577	1604.3300	124.5000
54.0000	-0.2167	38.8100	17.2661	649.0000	29.0000
86.0000	-0.5167	37.9000	12.8358	2650.3300	111.0000
70.0000	0.0700	41.1500	16.0834	160.0000	109.0000
81.0000	-0.9000	28.6200	15.1985	1077.0000	78.5000
40.0000	0.1821	33.2700	6.3679	604.5850	60.0000
56.0000	-2.6700	36.1500	14.0731	218.3300	60.0000
85.0000	-2.1717	31.0250	8.2130	1296.8350	178.0000
135.0000	-1.1500	37.7700	25.7982	3089.6700	55.0000
94.0000	-1.7767	40.6500	15.6698	1308.6700	98.0000
128.0000	-1.2383	38.5950	15.2425	211.0000	66.0000
29.0000	-1.1133	40.5300	17.3206	971.8350	50.0000
0.0000	0.0867	27.2600	4.6004	264.5000	49.0000
19.0000	-3.2017	28.6200	9.9479	850.2200	140.0000
229.0000	-0.6278	33.2633	16.6660	1226.7800	156.0000
108.0000	-0.0833	38.7600	13.2968	4525.0000	47.0000
63.0000	-1.8117	39.4950	14.1834	999.6650	42.0000
241.0000	-0.6300	36.6050	14.7898	2092.3300	39.0000
53.0000	1.9167	36.3100	13.0425	978.6700	55.0000
104.0000	-1.3544	33.5600	13.0798	1863.6667	124.0000
116.0000	1.2367	34.2200	16.8444	594.5000	89.0000
81.0000	-2.9833	33.5300	12.7308	2027.3300	97.0000
134.0000	-1.5689	30.1467	7.5547	1579.8900	76.0000
154.0000	-0.1956	31.2700	18.9622	1711.0667	77.0000
155.0000	-0.5433	27.3500	10.0380	759.6700	67.0000
115.0000	-0.9000	37.3750	14.3448	3395.1650	66.0000
194.0000	-1.2183	34.1633	8.8196	1491.0000	213.0000
268.0000	0.4833	34.0433	9.6865	2181.5567	281.0000
36.0000	-1.4433	36.0200	16.4240	2084.6700	52.0000
40.0000	-0.3017	33.3700	16.3252	100.5000	38.0000
37.0000	-1.4967	35.2200	8.7151	274.6650	27.0000
76.0000	-2.1033	34.0350	14.8434	427.5000	69.0000
173.0000	3.5950	30.7150	11.1330	1043.5000	82.0000
113.0000	-1.1725	31.4500	18.8332	1317.0000	55.0000
153.0000	0.4000	34.8900	10.4894	1200.0000	278.0000
116.0000	-0.7022	37.9600	12.4279	520.4000	48.0000
88.0000	0.2511	32.3933	11.4653	720.3067	98.0000
117.0000	-0.4867	35.4100	16.3370	2013.3300	49.0000
123.0000	-2.4467	33.5200	13.7463	1919.3300	65.0000
60.0000	-0.3538	31.5250	6.9131	549.8750	163.0000
35.0000	-5.3017	36.2550	12.9201	2282.5000	25.0000
186.0000	-1.0481	36.4667	11.0228	723.6100	119.0000
97.0000	-1.1550	40.1800	11.3699	1256.7500	117.0000
77.0000	0.1511	31.7100	15.0124	995.7200	168.0000
194.0000	1.0633	31.9500	12.1300	360.1650	112.0000
129.0000	-0.7575	37.0233	12.2824	1094.6100	97.0000
103.0000	0.1333	37.2400	7.9348	1766.6700	45.0000
130.0000	-2.0444	38.5233	22.5797	2898.2233	49.0000
102.0000	-0.6217	33.5550	8.1371	1721.3350	59.0000
142.0000	-2.1142	34.7250	16.6789	2122.6700	119.0000
1.0000	1.4617	36.1900	10.6321	166.3350	69.0000
119.0000	1.7633	40.9300	22.6803	111.3300	44.0000
134.0000	0.0267	37.7850	20.0955	2045.3350	92.0000
41.0000	-0.5733	34.2300	11.2772	2758.0000	67.0000
106.0000	2.8833	33.4900	11.6936	611.7767	105.0000
213.0000	-1.7817	39.6300	15.0145	2023.1650	76.0000
90.0000	-0.3500	37.9433	13.8855	1873.8900	30.0000
32.0000	-1.7183	35.2800	15.6111	324.6650	47.0000
0.0000	1.0775	27.9700	8.5604	635.1675	93.0000
420.0000	1.2167	34.3800	15.2585	706.5533	188.0000
198.0000	3.2456	34.9100	17.7448	79.7800	131.0000
61.0000	-0.9100	35.5700	14.4911	109.0000	53.0000
79.0000	-1.5975	40.2700	23.9475	2215.0000	78.0000
140.0000	0.3411	36.5167	11.1226	914.8867	76.0000
11.0000	-0.9800	29.4600	12.0246	411.3300	72.0000
65.0000	-1.2667	40.3300	17.2454	1399.0000	90.0000
105.0000	-1.0333	35.7200	18.6160	1613.6700	64.0000
84.0000	-0.7217	33.2950	6.3241	1919.1700	71.0000
56.0000	-5.6333	32.6800	8.0794	199.0850	69.0000
53.0000	-1.3267	39.8900	9.3965	1047.3300	103.0000
291.0000	0.5556	35.9333	10.4594	1009.2233	203.0000
13.0000	-0.5000	31.0533	9.9256	941.6100	88.0000
0.0000	5.1967	25.4400	8.3320	94.0000	18.0000
99.0000	-0.9892	32.1733	11.3365	1360.0000	51.0000
14.0000	-3.8600	32.9000	14.0500	4333.6700	110.0000
23.0000	-2.4717	33.5050	14.8556	1966.3350	51.0000
168.0000	-3.6183	32.2800	15.8159	2649.7500	111.0000
0.0000	-0.9383	32.9400	16.3039	1773.3300	45.0000
71.0000	-3.4108	34.5000	9.1973	2121.5425	74.0000
20.0000	1.3325	35.2850	11.4813	267.1650	48.0000
72.0000	-0.2867	38.8800	16.3271	612.3300	108.0000
0.0000	3.3067	31.1700	7.2809	862.0000	132.0000
123.0000	-1.4050	34.2700	8.1857	1486.3750	95.0000
65.0000	-1.1733	37.0100	11.6343	2298.6700	56.0000
52.0000	-1.2267	36.7700	15.5431	2160.5000	47.0000
113.0000	-0.6125	35.1133	17.5594	878.3333	53.0000
0.0000	-2.1867	35.8400	11.0369	2098.3300	124.0000
0.0000	-4.0050	24.0800	5.3102	1537.3350	258.0000
26.0000	-2.1333	44.1700	14.6968	65.6700	31.0000
439.0000	-0.6344	34.2567	17.1256	2726.1100	173.0000
0.0000	-2.1950	35.7750	12.5082	93.5000	44.0000
71.0000	-1.9067	36.4100	13.5169	1830.5000	26.0000
180.0000	1.7522	29.2500	12.4939	2286.1667	45.0000
62.0000	-1.1467	35.3800	7.9736	1518.3300	17.0000

