ID	FATHER	MOTHER
1	530	569
2	530	569
3	530	569
4	530	569
5	530	569
6	530	569
7	530	569
8	530	569
9	530	569
10	530	570
11	530	570
12	530	570
13	530	570
14	530	570
15	530	570
16	530	570
17	531	575
18	531	575
19	531	575
20	531	575
21	531	575
22	531	575
23	531	575
24	531	575
25	531	575
26	531	575
27	531	575
28	531	575
29	531	575
30	531	575
31	531	576
32	531	576
33	531	576
34	531	576
35	531	576
36	531	576
37	531	576
38	531	576
39	532	577
40	532	577
41	532	577
42	532	577
43	532	577
44	532	577
45	532	577
46	532	577
47	532	577
48	532	578
49	532	578
50	532	578
51	532	578
52	532	578
53	533	579
54	533	579
55	533	579
56	533	579
57	533	579
58	533	579
59	533	579
60	533	579
61	533	579
62	533	579
63	533	579
64	533	579
65	533	579
66	533	579
67	533	579
68	533	579
69	533	579
70	533	580
71	533	580
72	533	580
73	533	580
74	533	580
75	533	580
76	533	580
77	534	583
78	534	583
79	534	583
80	534	583
81	534	583
82	534	583
83	534	584
84	534	584
85	534	584
86	534	584
87	534	584
88	535	585
89	535	585
90	535	585
91	535	585
92	535	585
93	535	585
94	535	586
95	535	586
96	535	586
97	535	586
98	535	586
99	535	586
100	535	586
101	535	586
102	535	586
103	535	586
104	535	586
105	535	586
106	535	586
107	535	586
108	535	586
109	535	586
110	536	587
111	536	587
112	536	587
113	536	587
114	536	587
115	536	587
116	536	588
117	536	588
118	536	588
119	536	588
120	536	588
121	537	589
122	537	589
123	537	589
124	537	589
125	537	589
126	537	589
127	537	589
128	537	589
129	537	589
130	537	589
131	537	589
132	537	590
133	537	590
134	537	590
135	537	590
136	537	590
137	537	590
138	537	590
139	537	590
140	538	593
141	538	593
142	538	593
143	538	594
144	538	594
145	538	594
146	538	594
147	538	594
148	540	601
149	540	601
150	540	601
151	540	601
152	540	601
153	540	601
154	540	601
155	540	601
156	540	601
157	540	601
158	540	601
159	540	601
160	540	601
161	540	601
162	540	601
163	540	601
164	540	602
165	540	602
166	540	602
167	540	602
168	540	602
169	541	603
170	541	603
171	541	603
172	541	603
173	541	603
174	541	603
175	541	603
176	541	603
177	541	604
178	541	604
179	541	604
180	541	604
181	542	607
182	542	607
183	542	607
184	542	607
185	542	607
186	542	607
187	542	607
188	542	608
189	542	608
190	542	608
191	542	608
192	542	608
193	542	608
194	542	608
195	543	609
196	543	609
197	543	609
198	543	609
199	543	609
200	543	609
201	543	609
202	543	609
203	543	609
204	543	609
205	543	609
206	543	609
207	543	610
208	543	610
209	543	610
210	543	610
211	543	610
212	543	610
213	544	617
214	544	617
215	544	617
216	544	617
217	544	617
218	544	617
219	544	617
220	544	617
221	544	617
222	544	618
223	544	618
224	544	618
225	544	618
226	544	618
227	545	619
228	545	619
229	545	619
230	545	619
231	545	619
232	545	619
233	545	619
234	545	619
235	545	619
236	545	619
237	545	619
238	545	619
239	545	620
240	545	620
241	545	620
242	545	620
243	545	620
244	545	620
245	546	621
246	546	621
247	546	621
248	546	621
249	546	621
250	546	621
251	546	621
252	546	621
253	546	621
254	546	621
255	546	621
256	546	621
257	546	621
258	546	621
259	546	621
260	546	621
261	546	621
262	546	621
263	546	621
264	546	621
265	546	621
266	546	621
267	546	621
268	546	622
269	546	622
270	546	622
271	546	622
272	546	622
273	546	622
274	546	622
275	546	622
276	548	625
277	548	625
278	548	626
279	548	626
280	548	626
281	548	626
282	548	626
283	548	626
284	548	626
285	548	626
286	549	627
287	549	627
288	549	627
289	549	627
290	549	627
291	549	627
292	549	627
293	549	627
294	549	627
295	549	628
296	549	628
297	549	628
298	549	628
299	549	628
300	549	628
301	549	628
302	550	629
303	550	629
304	550	629
305	550	629
306	550	629
307	550	629
308	550	629
309	550	629
310	550	629
311	550	629
312	550	629
313	550	629
314	550	630
315	550	630
316	550	630
317	550	630
318	550	630
319	550	630
320	550	630
321	550	630
322	551	631
323	551	631
324	551	631
325	551	631
326	551	631
327	551	631
328	551	631
329	551	631
330	551	631
331	551	631
332	551	631
333	551	631
334	551	631
335	551	631
336	551	631
337	551	631
338	551	631
339	551	631
340	551	631
341	551	631
342	551	631
343	551	631
344	551	631
345	551	631
346	551	631
347	551	631
348	551	631
349	551	632
350	551	632
351	551	632
352	551	632
353	551	632
354	551	632
355	551	632
356	551	632
357	551	632
358	551	632
359	551	632
360	551	632
361	551	632
362	551	632
363	551	632
364	551	632
365	552	633
366	552	633
367	552	633
368	552	633
369	552	633
370	552	633
371	552	633
372	552	633
373	552	634
374	552	634
375	552	634
376	552	634
377	552	634
378	552	634
379	552	634
380	552	634
381	552	634
382	552	634
383	552	634
384	552	634
385	552	634
386	552	634
387	553	637
388	553	637
389	553	637
390	553	637
391	553	637
392	553	637
393	553	637
394	553	637
395	553	637
396	553	637
397	553	637
398	553	637
399	553	637
400	553	638
401	553	638
402	553	638
403	553	638
404	553	638
405	553	638
406	553	638
407	553	638
408	553	638
409	553	638
410	553	638
411	553	638
412	553	638
413	553	638
414	553	638
415	553	638
416	553	638
417	553	638
418	553	638
419	554	639
420	554	639
421	554	639
422	554	639
423	554	639
424	554	639
425	554	639
426	554	640
427	554	640
428	554	640
429	556	643
430	556	643
431	556	643
432	556	643
433	556	643
434	556	644
435	556	644
436	556	644
437	556	644
438	556	644
439	556	644
440	556	644
441	556	644
442	556	644
443	556	644
444	556	644
445	556	644
446	556	644
447	557	645
448	557	645
449	557	645
450	557	645
451	557	645
452	557	645
453	557	646
454	557	646
455	557	646
456	557	646
457	557	646
458	557	646
459	557	646
460	557	646
461	557	646
530	NA	NA
531	NA	NA
532	NA	NA
533	NA	NA
534	NA	NA
535	NA	NA
536	NA	NA
537	NA	NA
538	NA	NA
539	NA	NA
540	NA	NA
541	NA	NA
542	NA	NA
543	NA	NA
544	NA	NA
545	NA	NA
546	NA	NA
547	NA	NA
548	NA	NA
549	NA	NA
550	NA	NA
551	NA	NA
552	NA	NA
553	NA	NA
554	NA	NA
555	NA	NA
556	NA	NA
557	NA	NA
569	NA	NA
570	NA	NA
571	NA	NA
572	NA	NA
573	NA	NA
574	NA	NA
575	NA	NA
576	NA	NA
577	NA	NA
578	NA	NA
579	NA	NA
580	NA	NA
581	NA	NA
582	NA	NA
583	NA	NA
584	NA	NA
585	NA	NA
586	NA	NA
587	NA	NA
588	NA	NA
589	NA	NA
590	NA	NA
591	NA	NA
592	NA	NA
593	NA	NA
594	NA	NA
595	NA	NA
596	NA	NA
597	NA	NA
598	NA	NA
599	NA	NA
600	NA	NA
601	NA	NA
602	NA	NA
603	NA	NA
604	NA	NA
605	NA	NA
606	NA	NA
607	NA	NA
608	NA	NA
609	NA	NA
610	NA	NA
611	NA	NA
612	NA	NA
613	NA	NA
614	NA	NA
615	NA	NA
616	NA	NA
617	NA	NA
618	NA	NA
619	NA	NA
620	NA	NA
621	NA	NA
622	NA	NA
623	NA	NA
624	NA	NA
625	NA	NA
626	NA	NA
627	NA	NA
628	NA	NA
629	NA	NA
630	NA	NA
631	NA	NA
632	NA	NA
633	NA	NA
634	NA	NA
635	NA	NA
636	NA	NA
637	NA	NA
638	NA	NA
639	NA	NA
640	NA	NA
641	NA	NA
642	NA	NA
643	NA	NA
644	NA	NA
645	NA	NA
646	NA	NA
