animal	dano	R2	arcsinR2	Sire	Dam
1	0.094079	0.905921	1.259048	530	569
2	0.166667	0.83333333	1.150262	530	569
3	0.14739	0.85261	1.176765	530	569
4	0.13515	0.86485	1.19434	530	569
5	0.16081	0.83919	1.158176	530	569
6	0.15421	0.84579	1.167235	530	569
7	0.13497	0.86503	1.194603	530	569
8	0.18033	0.81967	1.132218	530	569
9	0.25	0.75	1.047198	530	569
10	0.093747	0.906253	1.259617	530	570
11	0.21723	0.78277	1.085942	530	570
12	0.2493	0.7507	1.048006	530	570
13	0.18475	0.81525	1.126497	530	570
14	0.12984	0.87016	1.202171	530	570
15	0.2	0.8	1.107149	530	570
16	0.14	0.86	1.187299	530	570
17	0.24421	0.75579	1.053909	531	575
18	0.1759	0.8241	1.138007	531	575
19	0.085744	0.914256	1.273621	531	575
20	0.3	0.7	0.991157	531	575
21	0.67	0.33	0.61194	531	575
22	0.35	0.65	0.937744	531	575
23	0.31	0.69	0.980296	531	575
24	0.4156	0.5844	0.870204	531	575
25	0.32562	0.67438	0.963522	531	575
26	0.2666	0.7334	1.028233	531	575
27	0.2267	0.7733	1.074547	531	575
28	0.18293	0.81707	1.128846	531	575
29	0.25471	0.74529	1.041776	531	575
30	0.16097	0.83903	1.157958	531	575
31	0.3	0.7	0.991157	531	576
32	0.20065	0.79935	1.106337	531	576
33	0.18467	0.81533	1.1266	531	576
34	0.25284	0.74716	1.043924	531	576
35	0.3	0.7	0.991157	531	576
36	0.16341	0.83659	1.154649	531	576
37	0.10268	0.89732	1.244605	531	576
38	0.21	0.79	1.094763	531	576
39	0.15	0.85	1.173097	532	577
40	0.1074	0.8926	1.236908	532	577
41	0.17672	0.82328	1.136931	532	577
42	0.1514	0.8486	1.17114	532	577
43	0.19796	0.80204	1.109704	532	577
44	0.14843	0.85157	1.1753	532	577
45	0.099425	0.900575	1.250005	532	577
46	0.33649	0.66351	0.951972	532	577
47	0.1758	0.8242	1.138139	532	577
48	0.22503	0.77497	1.076544	532	578
49	0.13939	0.86061	1.188179	532	578
50	0.37389	0.62611	0.912885	532	578
51	125	875	1.209429	532	578
52	0.27032	0.72968	1.024035	532	578
53	0.20848	0.79152	1.096631	533	579
54	0.22901	0.77099	1.071794	533	579
55	208	792	1.097222	533	579
56	0.11796	0.88204	1.220205	533	579
57	0.25118	0.74882	1.045836	533	579
58	0.25888	0.74112	1.037003	533	579
59	0.25571	0.74429	1.040629	533	579
60	0.36247	0.63753	0.924724	533	579
61	0.16	0.84	1.159279	533	579
62	0.29737	0.70263	0.99403	533	579
63	0.13	0.87	1.201933	533	579
64	0.053388	0.946612	1.337631	533	579
65	0.15897	0.84103	1.160686	533	579
66	0.1637	0.8363	1.154257	533	579
67	0.20914	0.79086	1.095819	533	579
68	0.21578	0.78422	1.087702	533	579
69	0.21637	0.78363	1.086986	533	579
70	0.14772	0.85228	1.1763	533	580
71	0.20626	0.79374	1.099369	533	580
72	0.1972	0.8028	1.110658	533	580
73	0.43567	0.56433	0.849907	533	580
74	0.1732	0.8268	1.141564	533	580
75	0.27085	0.72915	1.023439	533	580
76	0.46352	0.53648	0.821911	533	580
77	0.1895	0.8105	1.120407	534	583
78	0.080153	0.919847	1.283758	534	583
79	0.12907	0.87093	1.203318	534	583
80	0.26609	0.73391	1.028809	534	583
81	0.22234	0.77766	1.079772	534	583
82	0.27845	0.72155	1.014925	534	583
83	0.11433	0.88567	1.22587	534	584
84	0.16367	0.83633	1.154297	534	584
85	0.2305	0.7695	1.070023	534	584
86	0.1823	0.8177	1.129661	534	584
87	0.18	0.82	1.132647	534	584
88	0.17444	0.82556	1.139928	535	585
89	0.24145	0.75855	1.057128	535	585
90	0.20411	0.79589	1.102031	535	585
91	0.23186	0.76814	1.06841	535	585
92	0.22368	0.77632	1.078162	535	585
93	0.26173	0.73827	1.033756	535	585
94	0.2221	0.7779	1.080061	535	586
95	0.15119	0.84881	1.171433	535	586
96	253	747	1.04374	535	586
97	0.13437	0.86563	1.195482	535	586
98	202	798	1.104653	535	586
99	NA	NA	NA	535	586
100	0.26896	0.73104	1.025568	535	586
101	NA	NA	NA	535	586
102	0.11658	0.88342	1.22235	535	586
103	0.20178	0.79822	1.104927	535	586
104	0.30661	0.69339	0.983967	535	586
105	0.21948	0.78052	1.083219	535	586
106	0.1344	0.8656	1.195438	535	586
107	NA	NA	NA	535	586
108	0.26517	0.73483	1.029851	535	586
109	0.26756	0.73244	1.027148	535	586
110	0.14055	0.85945	1.186507	536	587
111	0.14139	0.85861	1.185301	536	587
112	0.19544	0.80456	1.112873	536	587
113	0.1641	0.8359	1.153716	536	587
114	0.20046	0.79954	1.106574	536	587
115	0.18884	0.81116	1.12125	536	587
116	0.2066	0.7934	1.098949	536	588
117	0.20064	0.79936	1.106349	536	588
118	0.15108	0.84892	1.171587	536	588
119	0.18391	0.81609	1.12758	536	588
120	0.08	0.92	1.28404	536	588
121	0.2425	0.7575	1.055902	537	589
122	0.2408	0.7592	1.057888	537	589
123	0.078447	0.921553	1.286915	537	589
124	0.262332	0.7376683	1.033071	537	589
125	NA	NA	NA	537	589
126	0.16158	0.83842	1.157129	537	589
127	0.26525	0.73475	1.02976	537	589
128	0.40686	0.59314	0.879085	537	589
129	0.15541	0.84459	1.165577	537	589
130	0.26474	0.73526	1.030338	537	589
131	NA	NA	NA	537	589
132	0.32497	0.67503	0.964216	537	590
133	0.14102	0.85898	1.185832	537	590
134	0.15547	0.84453	1.165494	537	590
135	0.28816	0.71184	1.00415	537	590
136	0.27149	0.72851	1.022719	537	590
137	0.16953	0.83047	1.146433	537	590
138	0.22463	0.77537	1.077023	537	590
139	0.19015	0.80985	1.119578	537	590
140	0.24683	0.75317	1.050866	538	593
141	0.65528	0.34472	0.627507	538	593
142	455	545	0.830459	538	593
143	0.26013	0.73987	1.035577	538	594
144	0.39092	0.60908	0.895362	538	594
145	0.15509	0.84491	1.166018	538	594
146	0.24719	0.75281	1.050448	538	594
147	0.23558	0.76442	1.064015	538	594
148	0.25844	0.74156	1.037506	540	601
149	0.21325	0.78675	1.090784	540	601
150	0.13674	0.86326	1.19202	540	601
151	0.19967	0.80033	1.107561	540	601
152	0.18	0.82	1.132647	540	601
153	NA	NA	NA	540	601
154	0.31182	0.68818	0.97833	540	601
155	NA	NA	NA	540	601
156	0.14146	0.85854	1.1852	540	601
157	0.13447	0.86553	1.195335	540	601
158	0.24673	0.75327	1.050982	540	601
159	0.27686	0.72314	1.0167	540	601
160	0.2202	0.7798	1.08235	540	601
161	NA	NA	NA	540	601
162	0.297185	0.70281467	0.994232	540	601
163	NA	NA	NA	540	601
164	0.22347	0.77653	1.078414	540	602
165	0.16201	0.83799	1.156545	540	602
166	0.19847	0.80153	1.109064	540	602
167	0.38	0.62	0.906581	540	602
168	0.60593	0.39407	0.678659	540	602
169	0.34534	0.65466	0.942637	541	603
170	0.16171	0.83829	1.156952	541	603
171	0.15651	0.84349	1.164061	541	603
172	0.16928	0.83072	1.146767	541	603
173	0.17043	0.82957	1.145235	541	603
174	0.179444	0.820556	1.133371	541	603
175	0.18528	0.81472	1.125814	541	603
176	0.13078	0.86922	1.200775	541	603
177	0.090233	0.909767	1.265697	541	604
178	0.13145	0.86855	1.199783	541	604
179	154	846	1.167526	541	604
180	0.21292	0.78708	1.091187	541	604
181	0.05	0.95	1.345283	542	607
182	0.17148	0.82852	1.143841	542	607
183	0.16635	0.83365	1.150687	542	607
184	0.27165	0.72835	1.022539	542	607
185	0.22	0.78	1.082591	542	607
186	0.23985	0.76015	1.058999	542	607
187	0.11854	0.88146	1.219307	542	607
188	0.22191	0.77809	1.080289	542	608
189	0.15943	0.84057	1.160057	542	608
190	0.17023	0.82977	1.145501	542	608
191	0.13313	0.86687	1.197303	542	608
192	0.16263	0.83737	1.155704	542	608
193	0.15555	0.84445	1.165383	542	608
194	0.095386	0.904614	1.256817	542	608
195	0.1	0.9	1.249046	543	609
196	0.25832	0.74168	1.037643	543	609
197	0.16371	0.83629	1.154243	543	609
198	0.17927	0.82073	1.133598	543	609
199	0.154137	0.84586345	1.167337	543	609
200	0.20031	0.79969	1.106761	543	609
201	0.15045	0.84955	1.172467	543	609
202	0.18717	0.81283	1.123387	543	609
203	0.12675	0.87325	1.206791	543	609
204	0.13668	0.86332	1.192107	543	609
205	0.13336	0.86664	1.196965	543	609
206	0.059478	0.9405223	1.324431	543	609
207	0.14096	0.85904	1.185918	543	610
208	0.16562	0.83438	1.151668	543	610
209	0.2	0.8	1.107149	543	610
210	0.23624	0.76376	1.063238	543	610
211	0.21126	0.78874	1.093217	543	610
212	0.40037	0.59963	0.8857	543	610
213	0.20168	0.79832	1.105052	544	617
214	0.10872	0.89128	1.234782	544	617
215	0.16928	0.83072	1.146767	544	617
216	0.3061	0.6939	0.98452	544	617
217	0.17175	0.82825	1.143483	544	617
218	0.1548	0.8452	1.166419	544	617
219	0.16108	0.83892	1.157809	544	617
220	0.094803	0.905197	1.25781	544	617
221	0.1905	0.8095	1.119133	544	617
222	0.097055	0.902945	1.253987	544	618
223	0.14943	0.85057	1.173896	544	618
224	0.15244	0.84756	1.169692	544	618
225	0.17125	0.82875	1.144146	544	618
226	0.1736	0.8264	1.141036	544	618
227	0.1623	0.8377	1.156152	545	619
228	0.17	0.83	1.145808	545	619
229	0.13744	0.86256	1.191002	545	619
230	0.18588	0.81412	1.125043	545	619
231	0.28079	0.71921	1.012318	545	619
232	0.30571	0.69429	0.984943	545	619
233	0.25187	0.74813	1.045041	545	619
234	0.25915	0.74085	1.036695	545	619
235	0.20129	0.79871	1.105538	545	619
236	0.17069	0.82931	1.14489	545	619
237	0.15448	0.84552	1.166862	545	619
238	0.30581	0.69419	0.984835	545	619
239	0.2	0.8	1.107149	545	620
240	0.11831	0.88169	1.219663	545	620
241	0.07	0.93	1.303033	545	620
242	0.14383	0.85617	1.181812	545	620
243	0.15	0.85	1.173097	545	620
244	0.27752	0.72248	1.015963	545	620
245	0.13471	0.86529	1.194984	546	621
246	0.10273	0.89727	1.244523	546	621
247	0.092798	0.907202	1.261249	546	621
248	0.13764	0.86236	1.190712	546	621
249	442	558	0.843529	546	621
250	434	566	0.851591	546	621
251	0.236814	0.763186	1.062562	546	621
252	0.21615	0.78385	1.087253	546	621
253	0.28719	0.71281	1.005222	546	621
254	0.29519	0.70481	0.996417	546	621
255	0.22764	0.77236	1.073426	546	621
256	0.11131	0.88869	1.230643	546	621
257	0.14647	0.85353	1.178064	546	621
258	0.36	0.64	0.927295	546	621
259	0.37	0.63	0.916909	546	621
260	0.31	0.69	0.980296	546	621
261	0.27	0.73	1.024396	546	621
262	0.1501	0.8499	1.172957	546	621
263	0.24076	0.75924	1.057934	546	621
264	0.17871	0.82129	1.134329	546	621
265	0.32467	0.67533	0.964536	546	621
266	0.22865	0.77135	1.072222	546	621
267	0.17333	0.82667	1.141392	546	621
268	0.2016	0.7984	1.105152	546	622
269	0.16993	0.83007	1.145901	546	622
270	0.21	0.79	1.094763	546	622
271	0.1156	0.8844	1.223879	546	622
272	0.071668	0.928332	1.299782	546	622
273	0.12323	0.87677	1.212113	546	622
274	0.14696	0.85304	1.177372	546	622
275	0.25	0.75	1.047198	546	622
276	0.37	0.63	0.916909	548	625
277	362	638	0.925213	548	625
278	0.22291	0.77709	1.079087	548	626
279	0.1657	0.8343	1.15156	548	626
280	0.5	0.5	0.785398	548	626
281	0.096011	0.903989	1.255754	548	626
282	0.5	0.5	0.785398	548	626
283	0.23226	0.76774	1.067936	548	626
284	0.21785	0.78215	1.085191	548	626
285	0.12791	0.87209	1.205051	548	626
286	0.1386	0.8614	1.189321	549	627
287	0.17668	0.82332	1.136984	549	627
288	0.15	0.85	1.173097	549	627
289	0.22279	0.77721	1.079231	549	627
290	NA	NA	NA	549	627
291	0.11511	0.88489	1.224646	549	627
292	0.25575	0.74425	1.040583	549	627
293	0.26745	0.73255	1.027272	549	627
294	0.21123	0.78877	1.093254	549	627
295	0.14903	0.85097	1.174457	549	628
296	185	815	1.126175	549	628
297	0.19313	0.80687	1.115793	549	628
298	0.21039	0.78961	1.094284	549	628
299	0.12736	0.87264	1.205876	549	628
300	0.27314	0.72686	1.020866	549	628
301	0.21444	0.78556	1.089333	549	628
302	237	763	1.062343	550	629
303	0.23744	0.76256	1.061826	550	629
304	237	763	1.062343	550	629
305	0.27361	0.72639	1.020339	550	629
306	0.3405	0.6595	0.947735	550	629
307	0.17285	0.82715	1.142026	550	629
308	0.16448	0.83552	1.153203	550	629
309	0.26166	0.73834	1.033835	550	629
310	0.08	0.92	1.28404	550	629
311	0.2	0.8	1.107149	550	629
312	0.15944	0.84056	1.160044	550	629
313	0.22874	0.77126	1.072115	550	629
314	0.21346	0.78654	1.090528	550	630
315	0.4	0.6	0.886077	550	630
316	0.1443	0.8557	1.181142	550	630
317	0.17687	0.82313	1.136735	550	630
318	0.16865	0.83135	1.147607	550	630
319	0.25	0.75	1.047198	550	630
320	0.16654	0.83346	1.150432	550	630
321	0.4	0.6	0.886077	550	630
322	0.19079	0.80921	1.118763	551	631
323	0.20917	0.79083	1.095782	551	631
324	0.3	0.7	0.991157	551	631
325	0.20036	0.79964	1.106699	551	631
326	NA	NA	NA	551	631
327	0.25	0.75	1.047198	551	631
328	NA	NA	NA	551	631
329	0.14885	0.85115	1.17471	551	631
330	0.21	0.79	1.094763	551	631
331	0.2	0.8	1.107149	551	631
332	0.39682	0.60318	0.889325	551	631
333	0.19568	0.80432	1.112571	551	631
334	0.16166	0.83834	1.15702	551	631
335	0.21255	0.78745	1.091639	551	631
336	0.12162	0.87838	1.214569	551	631
337	0.20944	0.79056	1.09545	551	631
338	0.21243	0.78757	1.091786	551	631
339	0.31036	0.68964	0.979907	551	631
340	0.36189	0.63811	0.925328	551	631
341	0.29753	0.70247	0.993855	551	631
342	0.34515	0.65485	0.942837	551	631
343	0.21671	0.78329	1.086573	551	631
344	NA	NA	NA	551	631
345	0.22802	0.77198	1.072973	551	631
346	0.25357	0.74643	1.043085	551	631
347	0.17668	0.82332	1.136984	551	631
348	0.25073	0.74927	1.046355	551	631
349	0.13824	0.86176	1.189842	551	632
350	0.15311	0.84689	1.16876	551	632
351	0.12415	0.87585	1.210716	551	632
352	0.1259	0.8741	1.208071	551	632
353	0.14	0.86	1.187299	551	632
354	0.16057	0.83943	1.158503	551	632
355	0.17686	0.82314	1.136748	551	632
356	0.201256	0.7987435	1.10558	551	632
357	0.18683	0.81317	1.123823	551	632
358	0.24261	0.75739	1.055774	551	632
359	0.13959	0.86041	1.18789	551	632
360	0.10991	0.89009	1.232875	551	632
361	NA	NA	NA	551	632
362	0.1819	0.8181	1.13018	551	632
363	NA	NA	NA	551	632
364	0.201256	0.79874357	1.10558	551	632
365	0.20103	0.79897	1.105862	552	633
366	0.10739	0.89261	1.236924	552	633
367	0.3	0.7	0.991157	552	633
368	0.23652	0.76348	1.062908	552	633
369	0.2163	0.7837	1.087071	552	633
370	0.17398	0.82602	1.140534	552	633
371	0.15149	0.84851	1.171015	552	633
372	0.14547	0.85453	1.17948	552	633
373	0.17643	0.82357	1.137312	552	634
374	0.11978	0.88022	1.217393	552	634
375	0.19	0.81	1.11977	552	634
376	0.1073	0.8927	1.237069	552	634
377	0.28	0.72	1.013198	552	634
378	0.32	0.68	0.969532	552	634
379	0.20464	0.79536	1.101374	552	634
380	0.10498	0.89502	1.240835	552	634
381	0.19173	0.80827	1.117568	552	634
382	0.18371	0.81629	1.127838	552	634
383	0.20997	0.79003	1.094799	552	634
384	0.19284	0.80716	1.11616	552	634
385	0.186223	0.8137775	1.124603	552	634
386	0.1461	0.8539	1.178588	552	634
387	0.10216	0.89784	1.245463	553	637
388	0.17498	0.82502	1.139217	553	637
389	0.24739	0.75261	1.050217	553	637
390	0.15406	0.84594	1.167443	553	637
391	NA	NA	NA	553	637
392	0.188821	0.81117917	1.121274	553	637
393	0.3	0.7	0.991157	553	637
394	0.19355	0.80645	1.115261	553	637
395	0.14768	0.85232	1.176356	553	637
396	0.35	0.65	0.937744	553	637
397	0.21148	0.78852	1.092948	553	637
398	0.1574	0.8426	1.162837	553	637
399	0.0813	0.9187	1.281653	553	637
400	0.12202	0.87798	1.213958	553	638
401	0.16114	0.83886	1.157727	553	638
402	0.17937	0.82063	1.133468	553	638
403	0.4	0.6	0.886077	553	638
404	0.2326	0.7674	1.067534	553	638
405	NA	NA	NA	553	638
406	0.3	0.7	0.991157	553	638
407	0.28383	0.71617	1.008941	553	638
408	0.11341	0.88659	1.227318	553	638
409	0.2748	0.7252	1.019005	553	638
410	0.19292	0.80708	1.116059	553	638
411	0.19202	0.80798	1.1172	553	638
412	NA	NA	NA	553	638
413	0.14877	0.85123	1.174822	553	638
414	NA	NA	NA	553	638
415	0.21238	0.78762	1.091847	553	638
416	0.2326	0.7674	1.067534	553	638
417	0.08	0.92	1.28404	553	638
418	0.1943	0.8057	1.114312	553	638
419	0.51494	0.48506	0.770456	554	639
420	0.35222	0.64778	0.935419	554	639
421	0.37511	0.62489	0.911625	554	639
422	0.55481	0.44519	0.730478	554	639
423	0.65688	0.34312	0.625823	554	639
424	0.20832	0.79168	1.096828	554	639
425	0.24716	0.75284	1.050483	554	639
426	0.33	0.67	0.958857	554	640
427	0.20388	0.79612	1.102316	554	640
428	0.27	0.73	1.024396	554	640
429	0.18801	0.81199	1.122311	556	643
430	0.14562	0.85438	1.179268	556	643
431	0.13661	0.86339	1.192209	556	643
432	0.13811	0.86189	1.190031	556	643
433	0.1724	0.8276	1.142622	556	643
434	0.18158	0.81842	1.130595	556	644
435	0.18062	0.81938	1.131841	556	644
436	0.13736	0.86264	1.191119	556	644
437	0.23198	0.76802	1.068268	556	644
438	0.15761	0.84239	1.162549	556	644
439	0.22638	0.77362	1.07493	556	644
440	0.192331	0.80766917	1.116806	556	644
441	0.16055	0.83945	1.15853	556	644
442	243	757	1.055319	556	644
443	0.22755	0.77245	1.073533	556	644
444	0.18467	0.81533	1.1266	556	644
445	0.19774	0.80226	1.10998	556	644
446	0.17893	0.82107	1.134041	556	644
447	0.11	0.89	1.232731	557	645
448	0.098914	0.901086	1.25086	557	645
449	0.19043	0.80957	1.119222	557	645
450	0.21448	0.78552	1.089284	557	645
451	0.19704	0.80296	1.110859	557	645
452	0.17795	0.82205	1.135321	557	645
453	0.15	0.85	1.173097	557	646
454	0.10488	0.89512	1.240998	557	646
455	0.24029	0.75971	1.058484	557	646
456	0.20787	0.79213	1.097382	557	646
457	0.1833	0.8167	1.128368	557	646
458	0.15734	0.84266	1.16292	557	646
459	0.2164	0.7836	1.086949	557	646
460	0.079669	0.920331	1.28465	557	646
461	0.16657	0.83343	1.150392	557	646
